4
RECTANGLE // OBJECT:[ (1000;410);(0;0);{224:255:20};{230:41:55};0;1;Rectangle ] DATA:[ 30:60;10:10;25;25;[(853;410),(859;410),(865;410),(871;410),(877;410),(883;410),(889;410),(895;410),(901;410),(907;410),(913;410),(919;410),(925;410),(931;410),(937;410),(943;410),(949;410),(955;410),(961;410),(967;410),(973;410),(979;410),(985;410),(991;410),(997;410)];1 ]
POLYGON // OBJECT:[ (840;541);(0;0);{100:154:224};{230:41:55};0;1;Polygon ] DATA:[ 5;19;10;150;3;25;25;[(693;492),(699;494),(705;496),(711;498),(717;500),(723;502),(729;504),(735;506),(741;508),(747;510),(753;512),(759;514),(765;516),(771;518),(777;520),(783;522),(789;524),(795;526),(801;528),(807;530),(813;532),(819;534),(825;536),(831;538),(837;540)];1 ]
GROUP //
[[
3 // 0 // 1 // Group
TRIANGLE // OBJECT:[ (473;180);(0;0);{161:76:181};{230:41:55};0;1;Triangle ] DATA:[ 12;12;0;0;[];0 ]
CIRCLE // OBJECT:[ (352;217);(0;0);{124:186:232};{230:41:55};0;1;Circle ] DATA:[ 10;10;0;0;[];0 ]
RECTANGLE // OBJECT:[ (747;334);(0;0);{70:101:145};{230:41:55};0;1;Rectangle ] DATA:[ 10:10;10:10;0;0;[];0 ]
//]]
CIRCLE // OBJECT:[ (790;208);(635;207);{7:6:7};{7:6:7};1;1;Black Circle ] DATA:[ 50;50;0;0;[];0 ]
